0.063492 0.111111 0.079365 0.063492 0.047619 
0.067568 0.135135 0.054054 0.054054 0.040541 
0.050420 0.159664 0.033613 0.050420 0.050420 
0.076923 0.184615 0.076923 0.030769 0.046154 
0.060606 0.090909 0.075758 0.090909 0.060606 
0.083333 0.106061 0.053030 0.106061 0.022727 
0.083333 0.101190 0.059524 0.071429 0.023810 
0.145161 0.086022 0.032258 0.064516 0.016129 
0.121212 0.090909 0.070707 0.070707 0.030303 
0.062500 0.109375 0.078125 0.078125 0.031250 
0.104895 0.083916 0.097902 0.055944 0.027972 
0.064220 0.128440 0.073394 0.082569 0.009174 
0.096154 0.134615 0.083333 0.057692 0.012821 
0.106383 0.106383 0.063830 0.085106 0.021277 
0.139706 0.110294 0.051471 0.080882 0.014706 
0.103448 0.091954 0.080460 0.045977 0.034483 
0.058824 0.160428 0.080214 0.064171 0.016043 
0.075377 0.140704 0.095477 0.060302 0.025126 
0.072626 0.128492 0.094972 0.055866 0.016760 
0.075829 0.161137 0.056872 0.028436 0.014218 
0.073171 0.103659 0.140244 0.048780 0.024390 
0.065217 0.097826 0.097826 0.108696 0.021739 
0.106667 0.120000 0.106667 0.080000 0.026667 
0.065217 0.141304 0.097826 0.086957 0.043478 
0.078740 0.102362 0.094488 0.062992 0.031496 
0.092000 0.140000 0.116000 0.044000 0.008000 
0.076271 0.152542 0.067797 0.050847 0.025424 
0.055556 0.129630 0.074074 0.055556 0.055556 
0.095890 0.109589 0.118721 0.050228 0.013699 
0.089286 0.142857 0.062500 0.071429 0.008929 
0.129630 0.129630 0.064815 0.074074 0.009259 
0.046875 0.171875 0.062500 0.078125 0.015625 
0.142857 0.125000 0.035714 0.071429 0.000000 
0.095745 0.106383 0.106383 0.053191 0.021277 
0.071038 0.169399 0.060109 0.076503 0.021858 
0.106061 0.181818 0.075758 0.045455 0.000000 
0.083333 0.097222 0.055556 0.097222 0.027778 
0.080000 0.133333 0.080000 0.040000 0.013333 
0.068182 0.106061 0.060606 0.090909 0.015152 
0.098765 0.111111 0.049383 0.061728 0.024691 
0.093750 0.072917 0.072917 0.104167 0.010417 
0.068702 0.099237 0.114504 0.061069 0.007634 
0.045455 0.181818 0.045455 0.090909 0.000000 
0.096618 0.120773 0.086957 0.053140 0.038647 
0.081395 0.145349 0.052326 0.058140 0.040698 
0.103093 0.118557 0.036082 0.067010 0.030928 
0.066176 0.110294 0.088235 0.066176 0.022059 
0.081967 0.163934 0.049180 0.081967 0.000000 
0.096447 0.121827 0.076142 0.060914 0.020305 
0.042735 0.111111 0.068376 0.068376 0.017094 
0.115789 0.136842 0.073684 0.052632 0.000000 
0.023810 0.154762 0.047619 0.095238 0.047619 
0.060976 0.121951 0.048780 0.060976 0.012195 
0.110294 0.117647 0.051471 0.066176 0.036765 
0.066667 0.120000 0.060000 0.066667 0.013333 
0.086022 0.161290 0.064516 0.053763 0.010753 
0.072727 0.100000 0.045455 0.072727 0.054545 
0.074074 0.101852 0.083333 0.083333 0.027778 
0.000000 0.000000 0.000000 0.000000 0.000000 
0.024390 0.146341 0.097561 0.048780 0.024390 
0.108696 0.086957 0.086957 0.086957 0.021739 
0.095238 0.166667 0.071429 0.023810 0.000000 
0.096916 0.118943 0.083700 0.066079 0.017621 
0.071429 0.130952 0.047619 0.083333 0.023810 
0.113402 0.164948 0.061856 0.061856 0.010309 
0.080000 0.146667 0.106667 0.040000 0.013333 
0.096774 0.112903 0.032258 0.080645 0.016129 
0.057143 0.228571 0.028571 0.028571 0.028571 
0.200000 0.000000 0.000000 0.000000 0.000000 
0.055556 0.083333 0.027778 0.055556 0.027778 
0.000000 0.000000 0.000000 0.142857 0.000000 
0.187500 0.250000 0.000000 0.000000 0.000000 
0.000000 0.000000 0.000000 0.000000 0.000000 
0.000000 0.222222 0.000000 0.000000 0.000000 
0.000000 0.000000 0.000000 0.000000 0.000000 
0.000000 0.076923 0.153846 0.000000 0.000000 
0.069767 0.069767 0.046512 0.069767 0.023256 
0.086957 0.130435 0.043478 0.086957 0.014493 
0.095890 0.082192 0.054795 0.095890 0.054795 
0.076923 0.076923 0.051282 0.153846 0.025641 
0.094340 0.132075 0.094340 0.075472 0.000000 
0.065934 0.098901 0.098901 0.043956 0.054945 
0.096491 0.052632 0.087719 0.061404 0.043860 
0.104167 0.104167 0.041667 0.083333 0.000000 
0.081081 0.135135 0.027027 0.081081 0.027027 
0.112500 0.087500 0.050000 0.050000 0.012500 
0.076923 0.084615 0.046154 0.100000 0.030769 
0.096774 0.101382 0.078341 0.064516 0.027650 
0.102941 0.058824 0.044118 0.088235 0.044118 
0.142857 0.035714 0.035714 0.035714 0.071429 
0.097826 0.054348 0.130435 0.065217 0.043478 
0.065217 0.173913 0.072464 0.057971 0.028986 
0.083333 0.166667 0.062500 0.104167 0.041667 
0.130952 0.071429 0.047619 0.059524 0.059524 
0.048780 0.121951 0.073171 0.056911 0.024390 
0.088710 0.137097 0.048387 0.056452 0.024194 
0.078652 0.089888 0.022472 0.101124 0.022472 
0.040816 0.136054 0.115646 0.061224 0.006803 
0.078313 0.096386 0.102410 0.054217 0.018072 
0.079545 0.096591 0.085227 0.073864 0.028409 
0.074468 0.117021 0.122340 0.047872 0.010638 
0.102410 0.090361 0.084337 0.042169 0.024096 
0.077295 0.111111 0.043478 0.082126 0.009662 
0.107692 0.061538 0.107692 0.076923 0.007692 
0.100000 0.000000 0.000000 0.150000 0.000000 
0.024390 0.073171 0.146341 0.073171 0.000000 
0.031250 0.125000 0.125000 0.062500 0.000000 
0.105263 0.087719 0.070175 0.035088 0.000000 
0.051095 0.131387 0.080292 0.058394 0.014599 
0.037313 0.082090 0.082090 0.082090 0.029851 
0.090909 0.090909 0.075758 0.060606 0.015152 
0.105263 0.052632 0.105263 0.052632 0.026316 
0.029851 0.074627 0.119403 0.104478 0.029851 
0.055556 0.111111 0.055556 0.090278 0.048611 
0.101695 0.110169 0.042373 0.033898 0.025424 
0.060870 0.139130 0.069565 0.043478 0.017391 
0.048780 0.121951 0.024390 0.073171 0.024390 
0.000000 0.000000 0.000000 0.000000 0.000000 
0.062500 0.112500 0.062500 0.050000 0.037500 
0.021053 0.189474 0.063158 0.063158 0.021053 
0.000000 0.000000 0.000000 0.000000 0.000000 
0.086614 0.094488 0.047244 0.070866 0.007874 
0.118421 0.052632 0.105263 0.052632 0.026316 
0.089686 0.125561 0.062780 0.076233 0.040359 
0.053435 0.145038 0.030534 0.083969 0.022901 
0.162162 0.108108 0.027027 0.054054 0.000000 
0.071429 0.125000 0.062500 0.080357 0.035714 
0.082278 0.120253 0.075949 0.069620 0.031646 
0.000000 0.000000 0.000000 0.000000 0.000000 
0.058824 0.191176 0.000000 0.044118 0.014706 
0.000000 0.235294 0.000000 0.117647 0.000000 
0.000000 0.125000 0.125000 0.125000 0.000000 
0.101695 0.101695 0.067797 0.067797 0.000000 
0.108696 0.094203 0.050725 0.065217 0.000000 
0.059406 0.138614 0.039604 0.099010 0.019802 
0.000000 0.135135 0.027027 0.081081 0.027027 
0.109489 0.065693 0.080292 0.065693 0.029197 
0.000000 0.000000 0.000000 0.000000 0.000000 
0.099526 0.109005 0.080569 0.047393 0.009479 
0.074627 0.089552 0.089552 0.059701 0.014925 
0.058065 0.135484 0.064516 0.096774 0.019355 
0.149606 0.110236 0.094488 0.062992 0.007874 
0.059172 0.142012 0.088757 0.065089 0.029586 
0.081081 0.099099 0.099099 0.045045 0.027027 
0.089716 0.105033 0.080963 0.063457 0.028446 
0.088670 0.147783 0.078818 0.044335 0.019704 
0.053435 0.137405 0.099237 0.053435 0.007634 
0.070588 0.117647 0.117647 0.094118 0.011765 
0.093750 0.109375 0.062500 0.031250 0.062500 
0.098361 0.114754 0.049180 0.049180 0.032787 
0.083333 0.166667 0.041667 0.000000 0.041667 
0.073171 0.048780 0.097561 0.097561 0.024390 
0.000000 0.000000 0.000000 0.000000 0.000000 
0.089041 0.130137 0.095890 0.054795 0.027397 
0.118644 0.101695 0.084746 0.050847 0.000000 
0.000000 0.000000 0.000000 0.000000 0.000000 
0.105263 0.157895 0.052632 0.052632 0.026316 
0.114754 0.098361 0.032787 0.032787 0.049180 
0.000000 0.000000 0.250000 0.125000 0.000000 
0.097222 0.120370 0.078704 0.050926 0.013889 
0.060345 0.112069 0.103448 0.060345 0.017241 
0.081081 0.148649 0.074324 0.033784 0.000000 
0.048077 0.096154 0.105769 0.038462 0.048077 
0.046025 0.092050 0.125523 0.054393 0.008368 
0.055556 0.101852 0.129630 0.055556 0.009259 
0.036585 0.182927 0.085366 0.073171 0.024390 
0.060976 0.134146 0.060976 0.073171 0.036585 
0.076087 0.108696 0.076087 0.065217 0.032609 
0.000000 0.000000 0.000000 0.000000 0.000000 
0.050000 0.133333 0.116667 0.083333 0.000000 
0.044444 0.111111 0.177778 0.066667 0.022222 
0.065574 0.147541 0.081967 0.032787 0.000000 
0.000000 0.000000 0.000000 0.000000 0.000000 
0.068376 0.128205 0.076923 0.076923 0.017094 
0.054945 0.131868 0.109890 0.032967 0.021978 
0.073684 0.105263 0.073684 0.052632 0.021053 
0.056604 0.084906 0.117925 0.075472 0.014151 
0.031008 0.100775 0.062016 0.077519 0.031008 
0.056604 0.113208 0.084906 0.056604 0.000000 
0.074257 0.138614 0.064356 0.084158 0.009901 
0.024845 0.105590 0.068323 0.086957 0.024845 
0.067114 0.107383 0.080537 0.060403 0.020134 
0.057143 0.114286 0.104762 0.047619 0.000000 
0.078947 0.151316 0.052632 0.072368 0.006579 
0.063291 0.113924 0.113924 0.063291 0.050633 
0.081340 0.119617 0.076555 0.057416 0.033493 
0.055556 0.104167 0.069444 0.083333 0.020833 
0.077922 0.090909 0.090909 0.090909 0.012987 
0.000000 0.000000 0.000000 0.000000 0.000000 
0.058824 0.105882 0.094118 0.117647 0.023529 
0.029412 0.117647 0.088235 0.073529 0.029412 
0.000000 0.000000 0.000000 0.000000 0.000000 
0.150000 0.000000 0.000000 0.050000 0.050000 
0.000000 0.000000 0.000000 0.000000 0.000000 
0.108280 0.070064 0.095541 0.070064 0.012739 
0.092025 0.110429 0.067485 0.055215 0.018405 
0.088889 0.133333 0.074074 0.059259 0.000000 
0.000000 0.000000 0.000000 0.000000 0.000000 
0.071429 0.142857 0.035714 0.071429 0.035714 
0.060606 0.121212 0.045455 0.075758 0.000000 
0.105769 0.115385 0.067308 0.038462 0.019231 
0.062500 0.159722 0.034722 0.104167 0.013889 
0.064815 0.138889 0.055556 0.046296 0.027778 
0.088496 0.123894 0.035398 0.053097 0.044248 
0.072464 0.152174 0.043478 0.094203 0.028986 
0.067308 0.134615 0.076923 0.067308 0.028846 
0.069767 0.155039 0.038760 0.046512 0.031008 
0.108108 0.081081 0.081081 0.099099 0.027027 
0.076923 0.109890 0.021978 0.065934 0.054945 
0.046243 0.144509 0.057803 0.057803 0.028902 
0.051724 0.086207 0.103448 0.051724 0.000000 
0.055556 0.148148 0.074074 0.092593 0.000000 
0.072727 0.072727 0.084848 0.066667 0.036364 
0.090909 0.127273 0.072727 0.036364 0.036364 
0.046512 0.127907 0.116279 0.069767 0.017442 
0.088000 0.112000 0.080000 0.072000 0.016000 
0.000000 0.136364 0.045455 0.090909 0.000000 
0.068182 0.079545 0.034091 0.068182 0.000000 
0.061111 0.105556 0.100000 0.094444 0.000000 
