0.230303 0.006061 0.109091 0.048485 0.072727 
0.178378 0.021622 0.124324 0.048649 0.118919 
0.189655 0.034483 0.137931 0.060345 0.043103 
0.173913 0.026087 0.130435 0.043478 0.095652 
0.123596 0.033708 0.191011 0.067416 0.067416 
0.247619 0.028571 0.142857 0.019048 0.038095 
0.197880 0.028269 0.116608 0.021201 0.116608 
0.206186 0.041237 0.134021 0.041237 0.051546 
0.181395 0.046512 0.093023 0.069767 0.093023 
0.204724 0.062992 0.094488 0.062992 0.086614 
0.168539 0.067416 0.084270 0.073034 0.067416 
0.170732 0.030488 0.158537 0.024390 0.152439 
0.283019 0.075472 0.075472 0.018868 0.037736 
0.230216 0.000000 0.151079 0.100719 0.035971 
0.201681 0.025210 0.117647 0.033613 0.134454 
0.210145 0.021739 0.130435 0.065217 0.101449 
0.172932 0.022556 0.120301 0.075188 0.105263 
0.154362 0.080537 0.140940 0.026846 0.073826 
0.169811 0.037736 0.113208 0.075472 0.037736 
0.183673 0.122449 0.020408 0.000000 0.081633 
0.242857 0.028571 0.085714 0.071429 0.028571 
0.183673 0.020408 0.142857 0.040816 0.061224 
0.223176 0.021459 0.124464 0.034335 0.072961 
0.207602 0.026316 0.122807 0.029240 0.070175 
0.147727 0.045455 0.170455 0.034091 0.102273 
0.203593 0.035928 0.125749 0.011976 0.119760 
0.000000 0.000000 0.000000 0.000000 0.000000 
0.163934 0.016393 0.180328 0.016393 0.081967 
0.210938 0.039062 0.125000 0.031250 0.093750 
0.135922 0.058252 0.087379 0.087379 0.135922 
0.118812 0.049505 0.108911 0.099010 0.108911 
0.194245 0.021583 0.115108 0.035971 0.129496 
0.147059 0.000000 0.161765 0.058824 0.117647 
0.154472 0.040650 0.138211 0.056911 0.130081 
0.142857 0.095238 0.095238 0.047619 0.063492 
0.136364 0.015152 0.196970 0.030303 0.106061 
0.206897 0.017241 0.103448 0.051724 0.051724 
0.191304 0.052174 0.078261 0.086957 0.043478 
0.209091 0.054545 0.136364 0.054545 0.054545 
0.233333 0.022222 0.122222 0.077778 0.033333 
0.163793 0.034483 0.112069 0.068966 0.068966 
0.198925 0.048387 0.096774 0.075269 0.048387 
0.212903 0.064516 0.103226 0.032258 0.077419 
0.254386 0.017544 0.105263 0.052632 0.052632 
0.191710 0.041451 0.098446 0.051813 0.072539 
0.167702 0.068323 0.080745 0.055901 0.074534 
0.123288 0.041096 0.136986 0.082192 0.082192 
0.216981 0.033019 0.146226 0.028302 0.051887 
0.188679 0.028302 0.141509 0.056604 0.075472 
0.148760 0.016529 0.123967 0.041322 0.123967 
0.176230 0.049180 0.131148 0.049180 0.073770 
0.178030 0.064394 0.098485 0.037879 0.098485 
0.219081 0.035336 0.070671 0.067138 0.084806 
0.255556 0.022222 0.166667 0.000000 0.033333 
0.240602 0.052632 0.082707 0.022556 0.037594 
0.226415 0.037736 0.132075 0.056604 0.018868 
0.208333 0.031250 0.114583 0.041667 0.062500 
0.193069 0.039604 0.138614 0.044554 0.039604 
0.269231 0.038462 0.096154 0.009615 0.076923 
0.226300 0.039755 0.125382 0.036697 0.061162 
0.202532 0.063291 0.084388 0.042194 0.042194 
0.224265 0.051471 0.077206 0.033088 0.047794 
0.188679 0.000000 0.132075 0.132075 0.056604 
0.178082 0.041096 0.109589 0.041096 0.109589 
0.177083 0.052083 0.104167 0.041667 0.135417 
0.162162 0.063063 0.090090 0.063063 0.099099 
0.203008 0.022556 0.082707 0.075188 0.097744 
0.183333 0.050000 0.094444 0.033333 0.116667 
0.162651 0.060241 0.078313 0.036145 0.108434 
0.165354 0.023622 0.086614 0.070866 0.102362 
0.303571 0.053571 0.142857 0.000000 0.000000 
0.270588 0.023529 0.129412 0.000000 0.058824 
0.235294 0.049020 0.107843 0.000000 0.078431 
0.208589 0.055215 0.104294 0.012270 0.092025 
0.237226 0.021898 0.142336 0.018248 0.072993 
0.239130 0.032609 0.108696 0.021739 0.086957 
0.188679 0.056604 0.113208 0.037736 0.037736 
0.282486 0.022599 0.112994 0.016949 0.050847 
0.233010 0.029126 0.097087 0.029126 0.067961 
0.179724 0.046083 0.115207 0.046083 0.096774 
0.190476 0.059524 0.130952 0.047619 0.035714 
0.184211 0.026316 0.114035 0.026316 0.114035 
0.281250 0.000000 0.083333 0.031250 0.093750 
0.196078 0.058824 0.078431 0.098039 0.039216 
0.210526 0.063158 0.073684 0.084211 0.063158 
0.200000 0.040000 0.106667 0.080000 0.066667 
0.162162 0.047297 0.155405 0.040541 0.054054 
0.234694 0.030612 0.102041 0.030612 0.061224 
0.202020 0.050505 0.050505 0.010101 0.141414 
0.151163 0.069767 0.151163 0.034884 0.023256 
0.250000 0.011905 0.095238 0.000000 0.059524 
0.222222 0.000000 0.166667 0.000000 0.027778 
0.272727 0.051948 0.038961 0.038961 0.090909 
0.220339 0.033898 0.152542 0.000000 0.067797 
0.254098 0.032787 0.114754 0.049180 0.032787 
0.245614 0.052632 0.078947 0.026316 0.087719 
0.244216 0.035990 0.113111 0.035990 0.043702 
0.187500 0.150000 0.075000 0.012500 0.087500 
0.258621 0.155172 0.051724 0.000000 0.034483 
0.222727 0.031818 0.122727 0.018182 0.072727 
0.220859 0.030675 0.153374 0.036810 0.042945 
0.232143 0.035714 0.160714 0.000000 0.071429 
0.155556 0.044444 0.155556 0.011111 0.111111 
0.229508 0.016393 0.065574 0.000000 0.163934 
0.214286 0.142857 0.071429 0.000000 0.071429 
0.240741 0.037037 0.055556 0.064815 0.092593 
0.179487 0.000000 0.205128 0.000000 0.153846 
0.259259 0.000000 0.148148 0.000000 0.111111 
0.231579 0.031579 0.115789 0.036842 0.073684 
0.280000 0.000000 0.106667 0.040000 0.026667 
0.216867 0.078313 0.090361 0.012048 0.060241 
0.217391 0.043478 0.123188 0.043478 0.043478 
0.181818 0.000000 0.227273 0.000000 0.090909 
0.242038 0.044586 0.089172 0.025478 0.076433 
0.150943 0.018868 0.150943 0.018868 0.113208 
0.361702 0.021277 0.021277 0.021277 0.000000 
0.172414 0.137931 0.103448 0.000000 0.103448 
0.271930 0.035088 0.070175 0.043860 0.026316 
0.225806 0.016129 0.112903 0.032258 0.064516 
0.222222 0.100000 0.066667 0.055556 0.033333 
0.209524 0.057143 0.123810 0.038095 0.047619 
0.227642 0.056911 0.097561 0.081301 0.024390 
0.284091 0.056818 0.068182 0.045455 0.045455 
0.262295 0.131148 0.049180 0.016393 0.016393 
0.231884 0.028986 0.144928 0.014493 0.043478 
0.207407 0.059259 0.088889 0.044444 0.074074 
0.229730 0.094595 0.054054 0.067568 0.054054 
0.261905 0.083333 0.071429 0.059524 0.035714 
0.148936 0.106383 0.127660 0.000000 0.063830 
0.214286 0.032967 0.137363 0.043956 0.071429 
0.215385 0.038462 0.107692 0.007692 0.076923 
0.249240 0.033435 0.103343 0.036474 0.063830 
0.246094 0.046875 0.101562 0.027344 0.074219 
0.267241 0.043103 0.129310 0.008621 0.043103 
0.240132 0.026316 0.105263 0.026316 0.069079 
0.250000 0.020000 0.090000 0.030000 0.050000 
0.233577 0.021898 0.087591 0.036496 0.116788 
0.240642 0.026738 0.133690 0.026738 0.053476 
0.203704 0.030864 0.148148 0.006173 0.067901 
0.262346 0.018519 0.070988 0.040123 0.061728 
0.238095 0.027211 0.088435 0.034014 0.074830 
0.230769 0.043956 0.142857 0.043956 0.043956 
0.216561 0.038217 0.121019 0.025478 0.076433 
0.185185 0.018519 0.074074 0.055556 0.111111 
0.181102 0.039370 0.133858 0.023622 0.086614 
0.204545 0.022727 0.113636 0.045455 0.083333 
0.222222 0.061728 0.135802 0.037037 0.012346 
0.211180 0.049689 0.167702 0.012422 0.055901 
0.233766 0.051948 0.142857 0.025974 0.038961 
0.147826 0.052174 0.147826 0.034783 0.052174 
0.197674 0.046512 0.127907 0.000000 0.116279 
0.215190 0.075949 0.113924 0.075949 0.025316 
0.287356 0.022989 0.091954 0.045977 0.034483 
0.281690 0.028169 0.070423 0.000000 0.056338 
0.275362 0.014493 0.043478 0.057971 0.101449 
0.228571 0.028571 0.085714 0.071429 0.057143 
0.227723 0.019802 0.108911 0.059406 0.039604 
0.227273 0.022727 0.090909 0.000000 0.136364 
0.307692 0.000000 0.134615 0.019231 0.019231 
0.188034 0.051282 0.153846 0.025641 0.051282 
0.221053 0.010526 0.178947 0.010526 0.042105 
0.177966 0.067797 0.110169 0.033898 0.042373 
0.275362 0.028986 0.115942 0.014493 0.057971 
0.181818 0.000000 0.163636 0.000000 0.072727 
0.185185 0.018519 0.111111 0.037037 0.111111 
0.223684 0.026316 0.118421 0.026316 0.078947 
0.141509 0.113208 0.094340 0.066038 0.066038 
0.167742 0.058065 0.103226 0.051613 0.090323 
0.144737 0.039474 0.092105 0.100877 0.057018 
